1015672 1015672
1043111 1043111
1048494 1048494
1085407 1085407
1144510 1144510
1163090 1163090
1193152 1193152
1222970 1222970
1250275 1250275
1612601 1612601
1717163 1717163
1762791 1762791
1796467 1796467
1816205 1816205
1981177 1981177
1990950 1990950
2091166 2091166
2152806 2152806
2189657 2189657
2203746 2203746
2227216 2227216
2229627 2229627
2314637 2314637
2348190 2348190
2368493 2368493
2482456 2482456
2528964 2528964
2644211 2644211
2746937 2746937
2752168 2752168
2856715 2856715
2920811 2920811
2932739 2932739
2943214 2943214
2956531 2956531
2962920 2962920
2993129 2993129
3064703 3064703
3112326 3112326
3237729 3237729
3329784 3329784
3492544 3492544
3512545 3512545
3545345 3545345
3645570 3645570
3766157 3766157
3850732 3850732
3858895 3858895
3918568 3918568
3933447 3933447
3963569 3963569
4034737 4034737
4147962 4147962
4161412 4161412
4251644 4251644
4273071 4273071
4294213 4294213
4363099 4363099
4388044 4388044
4397202 4397202
4502175 4502175
4593277 4593277
4700798 4700798
4789010 4789010
4989977 4989977
5077239 5077239
5133001 5133001
5218959 5218959
5223824 5223824
5249138 5249138
5429686 5429686
5454561 5454561
5743676 5743676
5753819 5753819
5925102 5925102
5934331 5934331
5939066 5939066
5968500 5968500
5999110 5999110
6011834 6011834
